0 0.648500 0.040000 0.043000 0.072000
3 0.059000 0.722667 0.116000 0.554667
3 0.090500 0.661333 0.179000 0.634667
3 0.146500 0.742667 0.203000 0.514667
3 0.300000 0.701333 0.202000 0.597333
3 0.234000 0.589333 0.112000 0.306667
3 0.281500 0.601333 0.267000 0.645333
3 0.389000 0.713333 0.154000 0.573333
3 0.462000 0.724000 0.216000 0.552000
3 0.572500 0.859333 0.299000 0.281333
3 0.722500 0.802000 0.215000 0.396000
3 0.892500 0.790000 0.215000 0.420000
3 0.864000 0.711333 0.166000 0.529333
3 0.707000 0.635333 0.174000 0.537333
3 0.609000 0.670000 0.108000 0.462667
3 0.966000 0.724667 0.068000 0.550667
3 0.859000 0.638000 0.134000 0.484000
3 0.504500 0.625333 0.143000 0.552000
3 0.602500 0.634667 0.105000 0.520000
2 0.582500 0.231333 0.835000 0.460000
