3 0.285141 0.652381 0.211513 0.695238
3 0.427041 0.654762 0.200803 0.690476
3 0.516734 0.627381 0.107095 0.745238
3 0.584337 0.588095 0.105756 0.761905
3 0.711513 0.615476 0.207497 0.769048
3 0.165997 0.629762 0.171352 0.621429
3 0.075636 0.548810 0.070950 0.330952
3 0.757697 0.484524 0.050870 0.302381
3 0.825971 0.489286 0.074967 0.350000
3 0.933066 0.520238 0.133869 0.454762
3 0.916332 0.492857 0.065596 0.371429
3 0.402276 0.390476 0.151272 0.438095
1 0.135207 0.310714 0.267738 0.616667
1 0.821954 0.246429 0.356091 0.488095
